-8.5, 11.5, 40, -24,   -11.5, 40,
-4.5, 11.5, 40, -21,   -11.5, 40,
-0.8, 11.5, 40, -18.3,   -11.5, 40,
3.1,  11.5, 40, -15.7, -11.5, 40,
7,    11.5, 40, -13.1, -11.5, 40,
11,   11.5, 40, -10.5, -11.5, 40,
14.9, 11.5, 40, -7.9,  -11.5, 40,
19,   11.5, 40, -5.5,  -11.5, 40,
23,   11.5, 40, -2.9,  -11.5, 40,
27,   11.5, 40, -0,    -11.5, 40,

-21, 10.5, -40, 21, -1.2, -40,
-21, 9, -40, 21, -2.8, -40,
-21, 7.5, -40, 21, -4.6, -40,
-21, 6, -40, 21, -6.4, -40,
-21, 4.5, -40, 21, -8.7, -40,
-21, 2.5, -40, 21, -10.7, -40,
-21, 0.5, -40, 21, -13, -40,
-21, -1.5, -40, 21, -15.5, -40,
-21, -3.5, -40, 21, -18.5, -40